0 0
0.01 0
0.02 0
0.03 0
0.04 -1.0842e-19
0.05 1.35525e-17
0.06 -7.99274e-16
0.07 2.9528e-14
0.08 -7.64924e-13
0.09 1.47322e-11
0.1 -2.18128e-10
0.11 2.53005e-09
0.12 -2.31822e-08
0.13 1.67595e-07
0.14 -9.43736e-07
0.15 4.00726e-06
0.16 -1.18571e-05
0.17 1.86222e-05
0.18 1.61067e-05
0.19 -0.00015363
0.2 0.000241484
0.21 0.000352969
0.22 -0.00150784
0.23 -0.000185042
0.24 0.00572018
0.25 -0.000313351
0.26 -0.018029
0.27 -0.00612386
0.28 0.0441179
0.29 0.0531482
0.3 -0.0428644
0.31 -0.166602
0.32 -0.161101
0.33 0.0388738
0.34 0.351131
0.35 0.643482
0.36 0.840351
0.37 0.941738
0.38 0.982732
0.39 0.995876
0.4 0.999218
0.41 0.999885
0.42 0.999987
0.43 0.999999
0.44 1
0.45 1
0.46 1
0.47 1
0.48 1
0.49 1
0.5 1
0.51 1
0.52 1
0.53 1
0.54 1
0.55 1
0.56 1
0.57 1
0.58 1
0.59 1
0.6 1
0.61 1
0.62 1
0.63 1
0.64 1
0.65 1
0.66 0.999996
0.67 1.00001
0.68 0.999981
0.69 0.999984
0.7 1.00015
0.71 0.999759
0.72 0.999647
0.73 1.00151
0.74 1.00019
0.75 0.99428
0.76 1.00031
0.77 1.01803
0.78 1.00612
0.79 0.955882
0.8 0.946852
0.81 1.04286
0.82 1.1666
0.83 1.1611
0.84 0.961126
0.85 0.648869
0.86 0.356518
0.87 0.159649
0.88 0.0582618
0.89 0.0172682
0.9 0.00412373
0.91 0.000782441
0.92 0.000115339
0.93 1.27429e-05
0.94 9.93484e-07
0.95 4.87669e-08
0.96 1.13411e-09
0.97 0
0.98 0
0.99 0
1 0
