0 0.00407177
0.01 0.0157745
0.02 0.0210601
0.03 0.0139333
0.04 -0.00526722
0.05 -0.0285504
0.06 -0.0433533
0.07 -0.0387512
0.08 -0.0116316
0.09 0.0304593
0.1 0.0714223
0.11 0.0928108
0.12 0.0813516
0.13 0.0345316
0.14 -0.0379345
0.15 -0.117041
0.16 -0.180361
0.17 -0.208474
0.18 -0.189795
0.19 -0.122545
0.2 -0.0138402
0.21 0.123232
0.22 0.2733
0.23 0.422014
0.24 0.558269
0.25 0.675165
0.26 0.769869
0.27 0.842768
0.28 0.896318
0.29 0.933948
0.3 0.959263
0.31 0.975587
0.32 0.985762
0.33 0.992016
0.34 0.995861
0.35 0.998106
0.36 0.999098
0.37 0.999163
0.38 0.998912
0.39 0.999115
0.4 1.00015
0.41 1.00151
0.42 1.00198
0.43 1.00061
0.44 0.99782
0.45 0.995634
0.46 0.996433
0.47 1.00093
0.48 1.00687
0.49 1.00986
0.5 1.00617
0.51 0.995928
0.52 0.984225
0.53 0.97894
0.54 0.986067
0.55 1.00527
0.56 1.02855
0.57 1.04335
0.58 1.03875
0.59 1.01163
0.6 0.969541
0.61 0.928577
0.62 0.907189
0.63 0.918648
0.64 0.965469
0.65 1.03794
0.66 1.11704
0.67 1.18036
0.68 1.20847
0.69 1.1898
0.7 1.12255
0.71 1.01384
0.72 0.876751
0.73 0.726683
0.74 0.577999
0.75 0.441777
0.76 0.324867
0.77 0.230086
0.78 0.157118
0.79 0.10362
0.8 0.066173
0.81 0.0410002
0.82 0.0245472
0.83 0.0139684
0.84 0.00739653
0.85 0.0037895
0.86 0.00238257
0.87 0.00215129
0.88 0.00181218
0.89 0.000487761
0.9 -0.00152148
0.91 -0.00273235
0.92 -0.0016129
0.93 0.00179894
0.94 0.00527986
0.95 0.0055337
0.96 0.00077616
0.97 -0.00653215
0.98 -0.0126829
0.99 -0.010071
1 0.00407177
