0 -0.0580081
0.01 -0.0971547
0.02 -0.134674
0.03 -0.16834
0.04 -0.195886
0.05 -0.215126
0.06 -0.224103
0.07 -0.221258
0.08 -0.205591
0.09 -0.176797
0.1 -0.135351
0.11 -0.082521
0.12 -0.0202976
0.13 0.0487616
0.14 0.121761
0.15 0.195748
0.16 0.268003
0.17 0.336318
0.18 0.399205
0.19 0.456009
0.2 0.506916
0.21 0.552837
0.22 0.595192
0.23 0.635623
0.24 0.675682
0.25 0.716541
0.26 0.758768
0.27 0.802211
0.28 0.845995
0.29 0.888644
0.3 0.928296
0.31 0.962979
0.32 0.990898
0.33 1.01069
0.34 1.02162
0.35 1.02366
0.36 1.01752
0.37 1.00451
0.38 0.986447
0.39 0.965426
0.4 0.94366
0.41 0.923309
0.42 0.906347
0.43 0.894475
0.44 0.889055
0.45 0.891071
0.46 0.901089
0.47 0.919225
0.48 0.945103
0.49 0.977821
0.5 1.01594
0.51 1.0575
0.52 1.10008
0.53 1.14093
0.54 1.17714
0.55 1.20586
0.56 1.22454
0.57 1.23115
0.58 1.2244
0.59 1.20385
0.6 1.16997
0.61 1.12413
0.62 1.06841
0.63 1.00541
0.64 0.938009
0.65 0.869014
0.66 0.800922
0.67 0.735657
0.68 0.674418
0.69 0.617612
0.7 0.564901
0.71 0.515349
0.72 0.467655
0.73 0.420441
0.74 0.37254
0.75 0.323256
0.76 0.27255
0.77 0.221115
0.78 0.170329
0.79 0.122099
0.8 0.0786091
0.81 0.0420088
0.82 0.0141064
0.83 -0.00390354
0.84 -0.0116266
0.85 -0.00954571
0.86 0.00101791
0.87 0.0180498
0.88 0.0390649
0.89 0.0613705
0.9 0.0823308
0.91 0.0995919
0.92 0.111259
0.93 0.115973
0.94 0.112983
0.95 0.102058
0.96 0.0834354
0.97 0.0581924
0.98 0.0256877
0.99 -0.00628283
1 -0.0580081
