0.0000000000e+00 -1.3292815517e-04
1.0000000000e-02 -1.5041861265e-05
2.0000000000e-02 2.8725582745e-05
3.0000000000e-02 -1.2805854912e-05
4.0000000000e-02 3.5680788286e-06
5.0000000000e-02 -7.1875639457e-07
6.0000000000e-02 1.1024190919e-07
7.0000000000e-02 -1.3149088895e-08
8.0000000000e-02 1.2263366425e-09
9.0000000000e-02 -8.8910487479e-11
1.0000000000e-01 4.9255139897e-12
1.1000000000e-01 -2.0186890354e-13
1.2000000000e-01 5.7774965367e-15
1.3000000000e-01 -1.0321604682e-16
1.4000000000e-01 8.6736173799e-19
1.5000000000e-01 0.0000000000e+00
1.6000000000e-01 0.0000000000e+00
1.7000000000e-01 0.0000000000e+00
1.8000000000e-01 0.0000000000e+00
1.9000000000e-01 0.0000000000e+00
2.0000000000e-01 0.0000000000e+00
2.1000000000e-01 0.0000000000e+00
2.2000000000e-01 0.0000000000e+00
2.3000000000e-01 0.0000000000e+00
2.4000000000e-01 0.0000000000e+00
2.5000000000e-01 3.0243033780e-09
2.6000000000e-01 1.2399643850e-07
2.7000000000e-01 2.4023049833e-06
2.8000000000e-01 2.9217794935e-05
2.9000000000e-01 2.4993481580e-04
3.0000000000e-01 1.5963788741e-03
3.1000000000e-01 7.8871651241e-03
3.2000000000e-01 3.0806236693e-02
3.3000000000e-01 9.6381272106e-02
3.4000000000e-01 2.4323583462e-01
3.5000000000e-01 4.9636916771e-01
3.6000000000e-01 8.1865730552e-01
3.7000000000e-01 1.0911450680e+00
3.8000000000e-01 1.1868644680e+00
3.9000000000e-01 1.1009253598e+00
4.0000000000e-01 9.7474243314e-01
4.1000000000e-01 9.4242845430e-01
4.2000000000e-01 9.8907625182e-01
4.3000000000e-01 1.0189872860e+00
4.4000000000e-01 1.0064615504e+00
4.5000000000e-01 9.9424159760e-01
4.6000000000e-01 9.9841684282e-01
4.7000000000e-01 1.0017402911e+00
4.8000000000e-01 1.0000125949e+00
4.9000000000e-01 9.9961365685e-01
5.0000000000e-01 1.0001329282e+00
5.1000000000e-01 1.0000150419e+00
5.2000000000e-01 9.9997127442e-01
5.3000000000e-01 1.0000128059e+00
5.4000000000e-01 9.9999643192e-01
5.5000000000e-01 1.0000007188e+00
5.6000000000e-01 9.9999988976e-01
5.7000000000e-01 1.0000000131e+00
5.8000000000e-01 9.9999999877e-01
5.9000000000e-01 1.0000000001e+00
6.0000000000e-01 1.0000000000e+00
6.1000000000e-01 1.0000000000e+00
6.2000000000e-01 1.0000000000e+00
6.3000000000e-01 1.0000000000e+00
6.4000000000e-01 1.0000000000e+00
6.5000000000e-01 1.0000000000e+00
6.6000000000e-01 1.0000000000e+00
6.7000000000e-01 1.0000000000e+00
6.8000000000e-01 1.0000000000e+00
6.9000000000e-01 1.0000000000e+00
7.0000000000e-01 1.0000000000e+00
7.1000000000e-01 1.0000000000e+00
7.2000000000e-01 1.0000000000e+00
7.3000000000e-01 1.0000000000e+00
7.4000000000e-01 1.0000000000e+00
7.5000000000e-01 1.0000000000e+00
7.6000000000e-01 9.9999999698e-01
7.7000000000e-01 9.9999987600e-01
7.8000000000e-01 9.9999759770e-01
7.9000000000e-01 9.9997078221e-01
8.0000000000e-01 9.9975006518e-01
8.1000000000e-01 9.9840362113e-01
8.2000000000e-01 9.9211283488e-01
8.3000000000e-01 9.6919376331e-01
8.4000000000e-01 9.0361872789e-01
8.5000000000e-01 7.5676416538e-01
8.6000000000e-01 5.0363083229e-01
8.7000000000e-01 1.8134269448e-01
8.8000000000e-01 -9.1145067987e-02
8.9000000000e-01 -1.8686446804e-01
9.0000000000e-01 -1.0092535978e-01
9.1000000000e-01 2.5257566861e-02
9.2000000000e-01 5.7571545703e-02
9.3000000000e-01 1.0923748178e-02
9.4000000000e-01 -1.8987286038e-02
9.5000000000e-01 -6.4615503799e-03
9.6000000000e-01 5.7584023982e-03
9.7000000000e-01 1.5831571790e-03
9.8000000000e-01 -1.7402910671e-03
9.9000000000e-01 -1.2594862524e-05
1.0000000000e+00 3.8634314786e-04
