0.0000000000e+00 -1.2344544105e-02
1.0000000000e-02 -9.8685468864e-03
2.0000000000e-02 -2.4965635115e-03
3.0000000000e-02 3.9862087366e-03
4.0000000000e-02 5.9264444967e-03
5.0000000000e-02 3.5309899136e-03
6.0000000000e-02 -2.9309955205e-04
7.0000000000e-02 -2.5812133220e-03
8.0000000000e-02 -2.3036342569e-03
9.0000000000e-02 -4.8816163886e-04
1.0000000000e-01 1.1417867744e-03
1.1000000000e-01 1.6497367491e-03
1.2000000000e-01 1.3853436411e-03
1.3000000000e-01 1.4327317996e-03
1.4000000000e-01 2.7737891367e-03
1.5000000000e-01 5.9524929230e-03
1.6000000000e-01 1.1417791358e-02
1.7000000000e-01 2.0138892082e-02
1.8000000000e-01 3.3994099546e-02
1.9000000000e-01 5.5758878824e-02
2.0000000000e-01 8.8847757959e-02
2.1000000000e-01 1.3700012002e-01
2.2000000000e-01 2.0389905316e-01
2.3000000000e-01 2.9254633707e-01
2.4000000000e-01 4.0427211480e-01
2.5000000000e-01 5.3749501366e-01
2.6000000000e-01 6.8659725934e-01
2.7000000000e-01 8.4140758532e-01
2.8000000000e-01 9.8775751574e-01
2.9000000000e-01 1.1093968577e+00
3.0000000000e-01 1.1912098463e+00
3.1000000000e-01 1.2231761915e+00
3.2000000000e-01 1.2039928452e+00
3.3000000000e-01 1.1429643960e+00
3.4000000000e-01 1.0589622793e+00
3.5000000000e-01 9.7607416877e-01
3.6000000000e-01 9.1684432824e-01
3.7000000000e-01 8.9525566692e-01
3.8000000000e-01 9.1218191072e-01
3.9000000000e-01 9.5545657863e-01
4.0000000000e-01 1.0049657322e+00
4.1000000000e-01 1.0409184321e+00
4.2000000000e-01 1.0517768109e+00
4.3000000000e-01 1.0382409192e+00
4.4000000000e-01 1.0114616856e+00
4.5000000000e-01 9.8652933528e-01
4.6000000000e-01 9.7472676836e-01
4.7000000000e-01 9.7860895255e-01
4.8000000000e-01 9.9225056270e-01
4.9000000000e-01 1.0059711143e+00
5.0000000000e-01 1.0123445621e+00
5.1000000000e-01 1.0098685929e+00
5.2000000000e-01 1.0024966877e+00
5.3000000000e-01 9.9601411265e-01
5.4000000000e-01 9.9407435955e-01
5.5000000000e-01 9.9647096737e-01
5.6000000000e-01 1.0002977350e+00
5.7000000000e-01 1.0025918865e+00
5.8000000000e-01 1.0023275170e+00
5.9000000000e-01 1.0005400790e+00
6.0000000000e-01 9.9896781039e-01
6.1000000000e-01 9.9857482456e-01
6.2000000000e-01 9.9906101642e-01
6.3000000000e-01 9.9942744149e-01
6.4000000000e-01 9.9883217779e-01
6.5000000000e-01 9.9695016011e-01
6.6000000000e-01 9.9365643088e-01
6.7000000000e-01 9.8843163202e-01
6.8000000000e-01 9.7997546082e-01
6.9000000000e-01 9.6618318957e-01
7.0000000000e-01 9.4430785877e-01
7.1000000000e-01 9.1109875963e-01
7.2000000000e-01 8.6292339629e-01
7.3000000000e-01 7.9607783306e-01
7.4000000000e-01 7.0748077642e-01
7.5000000000e-01 5.9575864813e-01
7.6000000000e-01 4.6250995548e-01
7.7000000000e-01 3.1338917016e-01
7.8000000000e-01 1.5858146397e-01
7.9000000000e-01 1.2243192899e-02
8.0000000000e-01 -1.0939069273e-01
8.1000000000e-01 -1.9120675941e-01
8.2000000000e-01 -2.2317768482e-01
8.3000000000e-01 -2.0399520667e-01
8.4000000000e-01 -1.4296485338e-01
8.5000000000e-01 -5.8961328252e-02
8.6000000000e-01 2.3926515000e-02
8.7000000000e-01 8.3155525760e-02
8.8000000000e-01 1.0474393643e-01
8.9000000000e-01 8.7817986101e-02
9.0000000000e-01 4.4543565832e-02
9.1000000000e-01 -4.9656250136e-03
9.2000000000e-01 -4.0918457019e-02
9.3000000000e-01 -5.1776869591e-02
9.4000000000e-01 -3.8240929225e-02
9.5000000000e-01 -1.1461662698e-02
9.6000000000e-01 1.3470677016e-02
9.7000000000e-01 2.5273225729e-02
9.8000000000e-01 2.1391040939e-02
9.9000000000e-01 7.7494399831e-03
1.0000000000e+00 -5.9711048769e-03
