0.0000000000e+00 1.3518300846e-02
1.0000000000e-02 -1.3586220529e-02
2.0000000000e-02 -3.4252567895e-02
3.0000000000e-02 -4.5510222142e-02
4.0000000000e-02 -4.5181927376e-02
5.0000000000e-02 -3.2176292651e-02
6.0000000000e-02 -6.6394915426e-03
7.0000000000e-02 3.0069044433e-02
8.0000000000e-02 7.5581760915e-02
9.0000000000e-02 1.2688126141e-01
1.0000000000e-01 1.8075593327e-01
1.1000000000e-01 2.3427908898e-01
1.2000000000e-01 2.8523338647e-01
1.3000000000e-01 3.3241215774e-01
1.4000000000e-01 3.7575114412e-01
1.5000000000e-01 4.1627344926e-01
1.6000000000e-01 4.5586153033e-01
1.7000000000e-01 4.9689709457e-01
1.8000000000e-01 5.4182842687e-01
1.9000000000e-01 5.9273250047e-01
2.0000000000e-01 6.5093599575e-01
2.1000000000e-01 7.1674679862e-01
2.2000000000e-01 7.8932871306e-01
2.3000000000e-01 8.6673057059e-01
2.4000000000e-01 9.4606001076e-01
2.5000000000e-01 1.0237745787e+00
2.6000000000e-01 1.0960501257e+00
2.7000000000e-01 1.1591795860e+00
2.8000000000e-01 1.2099540984e+00
2.9000000000e-01 1.2459827421e+00
3.0000000000e-01 1.2659161321e+00
3.1000000000e-01 1.2695518095e+00
3.2000000000e-01 1.2578144794e+00
3.3000000000e-01 1.2326200637e+00
3.4000000000e-01 1.1966472598e+00
3.5000000000e-01 1.1530516792e+00
3.6000000000e-01 1.1051637032e+00
3.7000000000e-01 1.0562106051e+00
3.8000000000e-01 1.0090960019e+00
3.9000000000e-01 9.6625644866e-01
4.0000000000e-01 9.2959844848e-01
4.1000000000e-01 9.0050277124e-01
4.2000000000e-01 8.7987043427e-01
4.3000000000e-01 8.6817904271e-01
4.4000000000e-01 8.6552097295e-01
4.5000000000e-01 8.7160564149e-01
4.6000000000e-01 8.8572427931e-01
4.7000000000e-01 9.0669308349e-01
4.8000000000e-01 9.3280456692e-01
4.9000000000e-01 9.6182317972e-01
5.0000000000e-01 9.9105736677e-01
5.1000000000e-01 1.0175261925e+00
5.2000000000e-01 1.0382172039e+00
5.3000000000e-01 1.0504081506e+00
5.4000000000e-01 1.0520044041e+00
5.5000000000e-01 1.0418318713e+00
5.6000000000e-01 1.0198255745e+00
5.7000000000e-01 9.8706777715e-01
5.8000000000e-01 9.4565440479e-01
5.9000000000e-01 8.9839969967e-01
6.0000000000e-01 8.4842013166e-01
6.1000000000e-01 7.9866300390e-01
6.2000000000e-01 7.5145773298e-01
6.3000000000e-01 7.0816574588e-01
6.4000000000e-01 6.6898867645e-01
6.5000000000e-01 6.3296732989e-01
6.6000000000e-01 5.9817110431e-01
6.7000000000e-01 5.6204550881e-01
6.8000000000e-01 5.2185996238e-01
6.9000000000e-01 4.7518347116e-01
7.0000000000e-01 4.2031402110e-01
7.1000000000e-01 3.5659803717e-01
7.2000000000e-01 2.8459633721e-01
7.3000000000e-01 2.0607851145e-01
7.4000000000e-01 1.2385395446e-01
7.5000000000e-01 4.1470633185e-02
7.6000000000e-01 -3.7171056411e-02
7.7000000000e-01 -1.0823401094e-01
7.8000000000e-01 -1.6833490639e-01
7.9000000000e-01 -2.1486261626e-01
8.0000000000e-01 -2.4619124865e-01
8.1000000000e-01 -2.6177118438e-01
8.2000000000e-01 -2.6209890633e-01
8.3000000000e-01 -2.4858225160e-01
8.4000000000e-01 -2.2333006588e-01
8.5000000000e-01 -1.8890264220e-01
8.6000000000e-01 -1.4806092473e-01
8.7000000000e-01 -1.0354810027e-01
8.8000000000e-01 -5.7927561263e-02
8.9000000000e-01 -1.3487848068e-02
9.0000000000e-01 2.7789610048e-02
9.1000000000e-01 6.4217515680e-02
9.2000000000e-01 9.4371182983e-02
9.3000000000e-01 1.1706782755e-01
9.4000000000e-01 1.3138115384e-01
9.5000000000e-01 1.3670394233e-01
9.6000000000e-01 1.3285495279e-01
9.7000000000e-01 1.2020918089e-01
9.8000000000e-01 9.9816675416e-02
9.9000000000e-01 7.3468704934e-02
1.0000000000e+00 4.3673589544e-02
