0 0.000433754
0.01 0.000527769
0.02 0.000759796
0.03 0.00117207
0.04 0.00183486
0.05 0.00285172
0.06 0.00436596
0.07 0.00656755
0.08 0.00969964
0.09 0.0140633
0.1 0.0200189
0.11 0.027983
0.12 0.0384189
0.13 0.0518195
0.14 0.0686833
0.15 0.089482
0.16 0.114623
0.17 0.14441
0.18 0.179002
0.19 0.218377
0.2 0.262311
0.21 0.310364
0.22 0.361886
0.23 0.416035
0.24 0.471826
0.25 0.528174
0.26 0.583965
0.27 0.638114
0.28 0.689636
0.29 0.737689
0.3 0.781623
0.31 0.820998
0.32 0.85559
0.33 0.885377
0.34 0.910518
0.35 0.931317
0.36 0.94818
0.37 0.961581
0.38 0.972017
0.39 0.979981
0.4 0.985937
0.41 0.990301
0.42 0.993434
0.43 0.995637
0.44 0.997154
0.45 0.998176
0.46 0.998847
0.47 0.999274
0.48 0.999532
0.49 0.999668
0.5 0.999711
0.51 0.999668
0.52 0.999532
0.53 0.999274
0.54 0.998847
0.55 0.998176
0.56 0.997154
0.57 0.995637
0.58 0.993434
0.59 0.990301
0.6 0.985937
0.61 0.979981
0.62 0.972017
0.63 0.961581
0.64 0.94818
0.65 0.931317
0.66 0.910518
0.67 0.885377
0.68 0.85559
0.69 0.820998
0.7 0.781623
0.71 0.737689
0.72 0.689636
0.73 0.638114
0.74 0.583965
0.75 0.528174
0.76 0.471826
0.77 0.416035
0.78 0.361886
0.79 0.310364
0.8 0.262311
0.81 0.218377
0.82 0.179002
0.83 0.14441
0.84 0.114623
0.85 0.089482
0.86 0.0686833
0.87 0.0518195
0.88 0.0384189
0.89 0.027983
0.9 0.0200189
0.91 0.0140633
0.92 0.00969979
0.93 0.00656784
0.94 0.00436649
0.95 0.00285267
0.96 0.00183654
0.97 0.00117498
0.98 0.000764716
0.99 0.0005359
1 0.000446889
