0 0.277108
0.01 0.281976
0.02 0.287727
0.03 0.294338
0.04 0.301784
0.05 0.310035
0.06 0.31906
0.07 0.328821
0.08 0.339281
0.09 0.350399
0.1 0.362131
0.11 0.37443
0.12 0.387249
0.13 0.400536
0.14 0.414241
0.15 0.428307
0.16 0.442681
0.17 0.457306
0.18 0.472123
0.19 0.487076
0.2 0.502105
0.21 0.517151
0.22 0.532156
0.23 0.54706
0.24 0.561805
0.25 0.576335
0.26 0.590591
0.27 0.604518
0.28 0.618063
0.29 0.631173
0.3 0.643796
0.31 0.655885
0.32 0.667391
0.33 0.678271
0.34 0.688483
0.35 0.697988
0.36 0.706748
0.37 0.714731
0.38 0.721906
0.39 0.728245
0.4 0.733724
0.41 0.738323
0.42 0.742023
0.43 0.74481
0.44 0.746674
0.45 0.747608
0.46 0.747609
0.47 0.746675
0.48 0.744812
0.49 0.742025
0.5 0.738326
0.51 0.733728
0.52 0.72825
0.53 0.721912
0.54 0.714738
0.55 0.706756
0.56 0.697996
0.57 0.688493
0.58 0.678282
0.59 0.667403
0.6 0.655898
0.61 0.643811
0.62 0.63119
0.63 0.618082
0.64 0.604539
0.65 0.590613
0.66 0.576359
0.67 0.561832
0.68 0.54709
0.69 0.532188
0.7 0.517186
0.71 0.502143
0.72 0.487117
0.73 0.472167
0.74 0.457353
0.75 0.442732
0.76 0.428362
0.77 0.414299
0.78 0.400599
0.79 0.387315
0.8 0.3745
0.81 0.362204
0.82 0.350477
0.83 0.339363
0.84 0.328906
0.85 0.319149
0.86 0.310129
0.87 0.301881
0.88 0.294439
0.89 0.28783
0.9 0.282083
0.91 0.277218
0.92 0.273255
0.93 0.27021
0.94 0.268094
0.95 0.266916
0.96 0.26668
0.97 0.267388
0.98 0.269037
0.99 0.271619
1 0.275126
