0.000000e+00 3.863431e-04
1.000000e-02 -1.187707e-04
2.000000e-02 -8.338730e-06
3.000000e-02 2.557704e-05
4.000000e-02 -1.219286e-05
5.000000e-02 3.612485e-06
6.000000e-02 -7.771906e-07
7.000000e-02 1.282861e-07
8.000000e-02 -1.668589e-08
9.000000e-02 1.720944e-09
1.000000e-01 -1.411299e-10
1.100000e-01 9.077667e-12
1.200000e-01 -4.505060e-13
1.300000e-01 1.676870e-14
1.400000e-01 -4.174178e-16
1.500000e-01 8.348357e-18
1.600000e-01 0.000000e+00
1.700000e-01 0.000000e+00
1.800000e-01 0.000000e+00
1.900000e-01 0.000000e+00
2.000000e-01 0.000000e+00
2.100000e-01 0.000000e+00
2.200000e-01 0.000000e+00
2.300000e-01 0.000000e+00
2.400000e-01 0.000000e+00
2.500000e-01 1.134114e-09
2.600000e-01 4.876689e-08
2.700000e-01 9.934837e-07
2.800000e-01 1.274290e-05
2.900000e-01 1.153386e-04
3.000000e-01 7.824410e-04
3.100000e-01 4.123729e-03
3.200000e-01 1.726817e-02
3.300000e-01 5.826176e-02
3.400000e-01 1.596486e-01
3.500000e-01 3.565177e-01
3.600000e-01 6.488689e-01
3.700000e-01 9.611262e-01
3.800000e-01 1.161101e+00
3.900000e-01 1.166602e+00
4.000000e-01 1.042864e+00
4.100000e-01 9.468518e-01
4.200000e-01 9.558821e-01
4.300000e-01 1.006124e+00
4.400000e-01 1.018029e+00
4.500000e-01 1.000313e+00
4.600000e-01 9.942798e-01
4.700000e-01 1.000185e+00
4.800000e-01 1.001508e+00
4.900000e-01 9.996470e-01
5.000000e-01 9.997585e-01
5.100000e-01 1.000154e+00
5.200000e-01 9.999839e-01
5.300000e-01 9.999814e-01
5.400000e-01 1.000012e+00
5.500000e-01 9.999960e-01
5.600000e-01 1.000001e+00
5.700000e-01 9.999998e-01
5.800000e-01 1.000000e+00
5.900000e-01 1.000000e+00
6.000000e-01 1.000000e+00
6.100000e-01 1.000000e+00
6.200000e-01 1.000000e+00
6.300000e-01 1.000000e+00
6.400000e-01 1.000000e+00
6.500000e-01 1.000000e+00
6.600000e-01 1.000000e+00
6.700000e-01 1.000000e+00
6.800000e-01 1.000000e+00
6.900000e-01 1.000000e+00
7.000000e-01 1.000000e+00
7.100000e-01 1.000000e+00
7.200000e-01 1.000000e+00
7.300000e-01 1.000000e+00
7.400000e-01 1.000000e+00
7.500000e-01 1.000000e+00
7.600000e-01 1.000000e+00
7.700000e-01 1.000000e+00
7.800000e-01 9.999990e-01
7.900000e-01 9.999873e-01
8.000000e-01 9.998847e-01
8.100000e-01 9.992176e-01
8.200000e-01 9.958763e-01
8.300000e-01 9.827318e-01
8.400000e-01 9.417382e-01
8.500000e-01 8.403514e-01
8.600000e-01 6.434823e-01
8.700000e-01 3.511311e-01
8.800000e-01 3.887377e-02
8.900000e-01 -1.611008e-01
9.000000e-01 -1.666022e-01
9.100000e-01 -4.286437e-02
9.200000e-01 5.314817e-02
9.300000e-01 4.411787e-02
9.400000e-01 -6.123864e-03
9.500000e-01 -1.802901e-02
9.600000e-01 -3.133511e-04
9.700000e-01 5.720180e-03
9.800000e-01 -1.850416e-04
9.900000e-01 -1.507836e-03
1.000000e+00 3.529689e-04
