0.000000e+00 9.225501e-04
1.000000e-02 -8.108208e-03
2.000000e-02 -1.041650e-02
3.000000e-02 -6.161409e-03
4.000000e-02 3.049154e-04
5.000000e-02 4.448768e-03
6.000000e-02 4.452918e-03
7.000000e-02 1.645408e-03
8.000000e-02 -1.230437e-03
9.000000e-02 -2.234492e-03
1.000000e-01 -1.295851e-03
1.100000e-01 3.282351e-04
1.200000e-01 1.394848e-03
1.300000e-01 1.635802e-03
1.400000e-01 1.757088e-03
1.500000e-01 2.797977e-03
1.600000e-01 5.588940e-03
1.700000e-01 1.076964e-02
1.800000e-01 1.925553e-02
1.900000e-01 3.271601e-02
2.000000e-01 5.373745e-02
2.100000e-01 8.565506e-02
2.200000e-01 1.322082e-01
2.300000e-01 1.970956e-01
2.400000e-01 2.833456e-01
2.500000e-01 3.923884e-01
2.600000e-01 5.228874e-01
2.700000e-01 6.696316e-01
2.800000e-01 8.229650e-01
2.900000e-01 9.692357e-01
3.000000e-01 1.092573e+00
3.100000e-01 1.177957e+00
3.200000e-01 1.215056e+00
3.300000e-01 1.201818e+00
3.400000e-01 1.146453e+00
3.500000e-01 1.066647e+00
3.600000e-01 9.855666e-01
3.700000e-01 9.254373e-01
3.800000e-01 9.007031e-01
3.900000e-01 9.133895e-01
4.000000e-01 9.528018e-01
4.100000e-01 1.000085e+00
4.200000e-01 1.036013e+00
4.300000e-01 1.048714e+00
4.400000e-01 1.037840e+00
4.500000e-01 1.013284e+00
4.600000e-01 9.892528e-01
4.700000e-01 9.768917e-01
4.800000e-01 9.793338e-01
4.900000e-01 9.915587e-01
5.000000e-01 1.004599e+00
5.100000e-01 1.011203e+00
5.200000e-01 1.009510e+00
5.300000e-01 1.002889e+00
5.400000e-01 9.967038e-01
5.500000e-01 9.945605e-01
5.600000e-01 9.965237e-01
5.700000e-01 1.000026e+00
5.800000e-01 1.002278e+00
5.900000e-01 1.002192e+00
6.000000e-01 1.000612e+00
6.100000e-01 9.991273e-01
6.200000e-01 9.986853e-01
6.300000e-01 9.990756e-01
6.400000e-01 9.993993e-01
6.500000e-01 9.988524e-01
6.600000e-01 9.970869e-01
6.700000e-01 9.939471e-01
6.800000e-01 9.889237e-01
6.900000e-01 9.807768e-01
7.000000e-01 9.674885e-01
7.100000e-01 9.463975e-01
7.200000e-01 9.143266e-01
7.300000e-01 8.677022e-01
7.400000e-01 8.028523e-01
7.500000e-01 7.166688e-01
7.600000e-01 6.076497e-01
7.700000e-01 4.771292e-01
7.800000e-01 3.303583e-01
7.900000e-01 1.770200e-01
8.000000e-01 3.076068e-02
8.100000e-01 -9.256737e-02
8.200000e-01 -1.779514e-01
8.300000e-01 -2.150566e-01
8.400000e-01 -2.018210e-01
8.500000e-01 -1.464542e-01
8.600000e-01 -6.664611e-02
8.700000e-01 1.443436e-02
8.800000e-01 7.456283e-02
8.900000e-01 9.929649e-02
9.000000e-01 8.661028e-02
9.100000e-01 4.719827e-02
9.200000e-01 -8.484751e-05
9.300000e-01 -3.601304e-02
9.400000e-01 -4.871406e-02
9.500000e-01 -3.783977e-02
9.600000e-01 -1.328365e-02
9.700000e-01 1.074718e-02
9.800000e-01 2.310831e-02
9.900000e-01 2.066615e-02
1.000000e+00 8.441292e-03
