0.000000e+00 1.178167e-01
1.000000e-02 1.233677e-01
2.000000e-02 1.219873e-01
3.000000e-02 1.127844e-01
4.000000e-02 9.648430e-02
5.000000e-02 7.469330e-02
6.000000e-02 4.968664e-02
7.000000e-02 2.423342e-02
8.000000e-02 1.359680e-03
9.000000e-02 -1.595048e-02
1.000000e-01 -2.508147e-02
1.100000e-01 -2.409192e-02
1.200000e-01 -1.194846e-02
1.300000e-01 1.135547e-02
1.400000e-01 4.482117e-02
1.500000e-01 8.660890e-02
1.600000e-01 1.343225e-01
1.700000e-01 1.853705e-01
1.800000e-01 2.373473e-01
1.900000e-01 2.883720e-01
2.000000e-01 3.373343e-01
2.100000e-01 3.840078e-01
2.200000e-01 4.290176e-01
2.300000e-01 4.736705e-01
2.400000e-01 5.196782e-01
2.500000e-01 5.688187e-01
2.600000e-01 6.225872e-01
2.700000e-01 6.818902e-01
2.800000e-01 7.468217e-01
2.900000e-01 8.165544e-01
3.000000e-01 8.893534e-01
3.100000e-01 9.627127e-01
3.200000e-01 1.033590e+00
3.300000e-01 1.098711e+00
3.400000e-01 1.154909e+00
3.500000e-01 1.199447e+00
3.600000e-01 1.230299e+00
3.700000e-01 1.246350e+00
3.800000e-01 1.247497e+00
3.900000e-01 1.234639e+00
4.000000e-01 1.209570e+00
4.100000e-01 1.174784e+00
4.200000e-01 1.133229e+00
4.300000e-01 1.088037e+00
4.400000e-01 1.042275e+00
4.500000e-01 9.987289e-01
4.600000e-01 9.597532e-01
4.700000e-01 9.271871e-01
4.800000e-01 9.023262e-01
4.900000e-01 8.859359e-01
5.000000e-01 8.782851e-01
5.100000e-01 8.791794e-01
5.200000e-01 8.879822e-01
5.300000e-01 9.036219e-01
5.400000e-01 9.245964e-01
5.500000e-01 9.489930e-01
5.600000e-01 9.745453e-01
5.700000e-01 9.987452e-01
5.800000e-01 1.019015e+00
5.900000e-01 1.032934e+00
6.000000e-01 1.038485e+00
6.100000e-01 1.034297e+00
6.200000e-01 1.019828e+00
6.300000e-01 9.954491e-01
6.400000e-01 9.624131e-01
6.500000e-01 9.226849e-01
6.600000e-01 8.786637e-01
6.700000e-01 8.328300e-01
6.800000e-01 7.873724e-01
6.900000e-01 7.438577e-01
7.000000e-01 7.029980e-01
7.100000e-01 6.645575e-01
7.200000e-01 6.274142e-01
7.300000e-01 5.897695e-01
7.400000e-01 5.494716e-01
7.500000e-01 5.043994e-01
7.600000e-01 4.528487e-01
7.700000e-01 3.938582e-01
7.800000e-01 3.274285e-01
7.900000e-01 2.546039e-01
8.000000e-01 1.774086e-01
8.100000e-01 9.865160e-02
8.200000e-01 2.163331e-02
8.300000e-01 -5.020230e-02
8.400000e-01 -1.136210e-01
8.500000e-01 -1.659110e-01
8.600000e-01 -2.051192e-01
8.700000e-01 -2.301883e-01
8.800000e-01 -2.409876e-01
8.900000e-01 -2.382473e-01
9.000000e-01 -2.234155e-01
9.100000e-01 -1.984678e-01
9.200000e-01 -1.657013e-01
9.300000e-01 -1.275425e-01
9.400000e-01 -8.639067e-02
9.500000e-01 -4.450964e-02
9.600000e-01 -3.966888e-03
9.700000e-01 3.338976e-02
9.800000e-01 6.593677e-02
9.900000e-01 9.228216e-02
1.000000e+00 1.112937e-01
