0 4.07967e-07
0.01 4.56352e-07
0.02 -2.27503e-08
0.03 -2.44152e-08
0.04 6.31585e-09
0.05 -2.24995e-10
0.06 -2.45312e-10
0.07 7.72432e-11
0.08 -1.36695e-11
0.09 1.70453e-12
0.1 -1.61718e-13
0.11 3.0992e-14
0.12 -2.53895e-13
0.13 2.56782e-12
0.14 -1.94472e-11
0.15 1.01158e-10
0.16 -2.62328e-10
0.17 -6.75662e-10
0.18 8.90811e-09
0.19 -2.53876e-08
0.2 -6.18757e-08
0.21 5.52561e-07
0.22 -2.93422e-07
0.23 -6.45772e-06
0.24 9.63997e-06
0.25 6.16905e-05
0.26 -9.55173e-05
0.27 -0.000554657
0.28 0.000371134
0.29 0.00425369
0.3 0.00315476
0.31 -0.0193406
0.32 -0.0518039
0.33 -0.0190095
0.34 0.169048
0.35 0.5
0.36 0.830952
0.37 1.01901
0.38 1.0518
0.39 1.01934
0.4 0.996845
0.41 0.995746
0.42 0.999629
0.43 1.00055
0.44 1.0001
0.45 0.999938
0.46 0.99999
0.47 1.00001
0.48 1
0.49 0.999999
0.5 1
0.51 1
0.52 1
0.53 1
0.54 1
0.55 1
0.56 1
0.57 1
0.58 1
0.59 1
0.6 1
0.61 1
0.62 1
0.63 1
0.64 1
0.65 1
0.66 1
0.67 1
0.68 1
0.69 1
0.7 1
0.71 1
0.72 0.999999
0.73 1
0.74 1.00001
0.75 0.99999
0.76 0.999938
0.77 1.0001
0.78 1.00055
0.79 0.999629
0.8 0.995746
0.81 0.996845
0.82 1.01934
0.83 1.0518
0.84 1.01901
0.85 0.830952
0.86 0.5
0.87 0.169048
0.88 -0.0190095
0.89 -0.0518039
0.9 -0.0193406
0.91 0.00315476
0.92 0.00425369
0.93 0.000371134
0.94 -0.000554657
0.95 -9.55173e-05
0.96 6.16905e-05
0.97 9.63997e-06
0.98 -6.45765e-06
0.99 -2.97754e-07
1 5.34937e-07
