0 -0.0302568
0.01 -0.0312517
0.02 -0.0223711
0.03 -0.0135915
0.04 -0.00617688
0.05 -0.000730061
0.06 0.00263582
0.07 0.0041526
0.08 0.00425254
0.09 0.00344208
0.1 0.00220805
0.11 0.000960261
0.12 5.70993e-06
0.13 -0.000456382
0.14 -0.000330997
0.15 0.000374546
0.16 0.00154588
0.17 0.0029521
0.18 0.00423965
0.19 0.00494181
0.2 0.00451652
0.21 0.00242172
0.22 -0.00177061
0.23 -0.00823037
0.24 -0.0167153
0.25 -0.0264354
0.26 -0.035969
0.27 -0.0432611
0.28 -0.0457261
0.29 -0.0404594
0.3 -0.0245461
0.31 0.00456989
0.32 0.0487047
0.33 0.108601
0.34 0.183704
0.35 0.27208
0.36 0.370524
0.37 0.474824
0.38 0.580175
0.39 0.681672
0.4 0.774815
0.41 0.855962
0.42 0.922651
0.43 0.973768
0.44 1.00954
0.45 1.03135
0.46 1.04147
0.47 1.04266
0.48 1.03782
0.49 1.02965
0.5 1.0204
0.51 1.01173
0.52 1.00466
0.53 0.999643
0.54 0.996682
0.55 0.995465
0.56 0.995526
0.57 0.996374
0.58 0.997576
0.59 0.998809
0.6 0.999867
0.61 1.00064
0.62 1.00108
0.63 1.00117
0.64 1.00089
0.65 1.00026
0.66 0.999275
0.67 0.99802
0.68 0.99666
0.69 0.995484
0.7 0.994906
0.71 0.995435
0.72 0.997598
0.73 1.00182
0.74 1.00829
0.75 1.01676
0.76 1.02646
0.77 1.03598
0.78 1.04326
0.79 1.04572
0.8 1.04045
0.81 1.02454
0.82 0.995426
0.83 0.951293
0.84 0.891398
0.85 0.816297
0.86 0.727921
0.87 0.629477
0.88 0.525177
0.89 0.419826
0.9 0.31833
0.91 0.225186
0.92 0.144038
0.93 0.0773481
0.94 0.0262283
0.95 -0.00954497
0.96 -0.0313615
0.97 -0.0414773
0.98 -0.0426923
0.99 -0.0376004
1 -0.0293766
