0 -3.65804e-06
0.01 -4.04137e-06
0.02 -3.86262e-08
0.03 -1.49999e-06
0.04 -7.38815e-06
0.05 -9.71095e-06
0.06 4.66131e-06
0.07 4.22779e-05
0.08 8.05154e-05
0.09 5.2605e-05
0.1 -0.000122317
0.11 -0.000437751
0.12 -0.000665046
0.13 -0.000320758
0.14 0.00108364
0.15 0.00344884
0.16 0.00540453
0.17 0.00414217
0.18 -0.00355651
0.19 -0.0189016
0.2 -0.0380793
0.21 -0.0503769
0.22 -0.0393191
0.23 0.0124681
0.24 0.116031
0.25 0.269696
0.26 0.457008
0.27 0.650709
0.28 0.821463
0.29 0.947503
0.3 1.02089
0.31 1.04787
0.32 1.04396
0.33 1.02663
0.34 1.00926
0.35 0.998454
0.36 0.994812
0.37 0.995706
0.38 0.998039
0.39 0.99985
0.4 1.00058
0.41 1.00054
0.42 1.00024
0.43 1
0.44 0.999924
0.45 0.999942
0.46 0.999983
0.47 1.00001
0.48 1.00001
0.49 1
0.5 1
0.51 0.999998
0.52 0.999998
0.53 0.999999
0.54 1
0.55 1.00001
0.56 1.00001
0.57 0.999995
0.58 0.999958
0.59 0.999919
0.6 0.999947
0.61 1.00012
0.62 1.00044
0.63 1.00067
0.64 1.00032
0.65 0.998916
0.66 0.996551
0.67 0.994595
0.68 0.995858
0.69 1.00356
0.7 1.0189
0.71 1.03808
0.72 1.05038
0.73 1.03932
0.74 0.987532
0.75 0.883969
0.76 0.730304
0.77 0.542992
0.78 0.349291
0.79 0.178537
0.8 0.0524971
0.81 -0.0208865
0.82 -0.0478682
0.83 -0.0439556
0.84 -0.0266292
0.85 -0.00926408
0.86 0.00154571
0.87 0.0051881
0.88 0.00429391
0.89 0.00196096
0.9 0.000149692
0.91 -0.000580964
0.92 -0.000538452
0.93 -0.000235566
0.94 -2.92996e-06
0.95 7.6063e-05
0.96 5.74907e-05
0.97 1.71887e-05
0.98 -5.8108e-06
0.99 -8.58155e-06
1 -3.16737e-06
